1.04459
1.04477
1.04491
1.04499
1.04503
1.04501
1.04495
1.04483
1.04465
1.04442
1.04413
1.04379
1.04338
1.04291
1.04238
1.04179
1.04113
1.04041
1.03963
1.03877
1.03785
1.03685
1.03579
1.03465
1.03344
1.03215
1.03079
1.02935
1.02783
1.02624
1.02456
1.0228
1.02096
1.01904
1.01703
1.01493
1.01275
1.01047
1.00811
1.00566
1.00311
1.00047
0.997738
0.994909
0.991983
0.988959
0.985836
0.982612
0.979287
0.97586
0.972328
0.968692
0.964949
0.9611
0.957141
0.953073
0.948894
0.944604
0.9402
0.935682
0.931048
0.926297
0.921429
0.916442
0.911335
0.906106
0.900755
0.89528
0.889681
0.883955
0.878102
0.872121
0.866011
0.85977
0.853397
0.846891
0.840251
0.833475
0.826563
0.819514
0.812326
1.04477
1.04495
1.04509
1.04518
1.04522
1.0452
1.04513
1.04501
1.04484
1.0446
1.04431
1.04397
1.04356
1.04309
1.04256
1.04196
1.0413
1.04058
1.03979
1.03893
1.038
1.037
1.03593
1.03479
1.03358
1.03228
1.03092
1.02947
1.02795
1.02635
1.02466
1.0229
1.02105
1.01911
1.0171
1.01499
1.0128
1.01052
1.00814
1.00568
1.00312
1.00047
0.997729
0.994888
0.99195
0.988913
0.985777
0.982541
0.979202
0.97576
0.972214
0.968563
0.964805
0.960939
0.956965
0.95288
0.948684
0.944375
0.939953
0.935416
0.930763
0.925993
0.921105
0.916097
0.910969
0.905719
0.900346
0.894848
0.889226
0.883477
0.8776
0.871594
0.865458
0.859191
0.852792
0.846259
0.839592
0.832789
0.825848
0.81877
0.811552
1.04491
1.04509
1.04523
1.04532
1.04535
1.04534
1.04527
1.04515
1.04497
1.04474
1.04445
1.0441
1.04369
1.04322
1.04269
1.04209
1.04143
1.0407
1.03991
1.03905
1.03812
1.03712
1.03604
1.0349
1.03368
1.03238
1.03101
1.02956
1.02803
1.02643
1.02474
1.02297
1.02111
1.01917
1.01715
1.01504
1.01284
1.01055
1.00817
1.0057
1.00313
1.00047
0.997722
0.994872
0.991925
0.98888
0.985734
0.982488
0.979139
0.975687
0.97213
0.968467
0.964698
0.960821
0.956834
0.952737
0.948528
0.944206
0.939771
0.93522
0.930553
0.925769
0.920865
0.915843
0.910699
0.905432
0.900043
0.894529
0.888889
0.883122
0.877228
0.871204
0.865049
0.858764
0.852345
0.845792
0.839105
0.832281
0.825319
0.818219
0.810979
1.04499
1.04518
1.04532
1.0454
1.04544
1.04543
1.04536
1.04524
1.04506
1.04483
1.04453
1.04418
1.04377
1.0433
1.04277
1.04217
1.04151
1.04078
1.03999
1.03912
1.03819
1.03719
1.03611
1.03496
1.03374
1.03244
1.03107
1.02962
1.02809
1.02648
1.02479
1.02301
1.02115
1.01921
1.01718
1.01507
1.01286
1.01057
1.00818
1.00571
1.00314
1.00048
0.997717
0.994862
0.99191
0.988858
0.985706
0.982454
0.979098
0.975639
0.972076
0.968406
0.96463
0.960745
0.95675
0.952645
0.948428
0.944098
0.939654
0.935095
0.930418
0.925625
0.920712
0.915679
0.910525
0.905249
0.899849
0.894324
0.888674
0.882896
0.87699
0.870954
0.864788
0.85849
0.852059
0.845493
0.838793
0.831955
0.824981
0.817867
0.810613
1.04503
1.04522
1.04535
1.04544
1.04548
1.04546
1.0454
1.04527
1.0451
1.04486
1.04457
1.04422
1.04381
1.04334
1.0428
1.04221
1.04154
1.04082
1.04002
1.03916
1.03822
1.03722
1.03614
1.03499
1.03377
1.03247
1.0311
1.02964
1.02811
1.0265
1.02481
1.02303
1.02117
1.01923
1.0172
1.01508
1.01287
1.01058
1.00819
1.00571
1.00314
1.00048
0.997716
0.994858
0.991903
0.988849
0.985695
0.982439
0.979081
0.97562
0.972053
0.96838
0.964601
0.960712
0.956715
0.952606
0.948386
0.944052
0.939605
0.935041
0.930361
0.925564
0.920647
0.91561
0.910452
0.905171
0.899767
0.894238
0.888583
0.8828
0.876889
0.870848
0.864677
0.858374
0.851937
0.845367
0.838661
0.831818
0.824837
0.817717
0.810458
1.04501
1.0452
1.04534
1.04543
1.04546
1.04545
1.04538
1.04526
1.04508
1.04485
1.04456
1.04421
1.0438
1.04332
1.04279
1.04219
1.04153
1.0408
1.04001
1.03914
1.03821
1.03721
1.03613
1.03498
1.03376
1.03246
1.03109
1.02963
1.0281
1.02649
1.0248
1.02302
1.02116
1.01922
1.01719
1.01507
1.01287
1.01057
1.00819
1.00571
1.00314
1.00048
0.997716
0.99486
0.991906
0.988853
0.985699
0.982445
0.979088
0.975627
0.972062
0.968391
0.964612
0.960725
0.956729
0.952621
0.948402
0.94407
0.939624
0.935062
0.930384
0.925588
0.920673
0.915637
0.910481
0.905202
0.899799
0.894272
0.888618
0.882838
0.876929
0.87089
0.864721
0.858419
0.851985
0.845416
0.838712
0.831872
0.824893
0.817776
0.810518
1.04495
1.04513
1.04527
1.04536
1.0454
1.04538
1.04531
1.04519
1.04501
1.04478
1.04449
1.04414
1.04373
1.04326
1.04273
1.04213
1.04147
1.04074
1.03995
1.03909
1.03815
1.03715
1.03608
1.03493
1.03371
1.03241
1.03104
1.02959
1.02806
1.02645
1.02476
1.02299
1.02113
1.01919
1.01716
1.01505
1.01285
1.01056
1.00818
1.0057
1.00314
1.00048
0.99772
0.994867
0.991918
0.988869
0.985721
0.982471
0.979119
0.975664
0.972103
0.968438
0.964665
0.960783
0.956793
0.952692
0.948479
0.944153
0.939714
0.935159
0.930487
0.925698
0.920791
0.915763
0.910614
0.905343
0.899948
0.894429
0.888784
0.883012
0.877112
0.871082
0.864922
0.85863
0.852205
0.845646
0.838952
0.832122
0.825154
0.818047
0.8108
1.04483
1.04501
1.04515
1.04524
1.04527
1.04526
1.04519
1.04507
1.04489
1.04466
1.04437
1.04402
1.04361
1.04314
1.04261
1.04202
1.04136
1.04063
1.03984
1.03898
1.03805
1.03705
1.03598
1.03484
1.03362
1.03233
1.03096
1.02951
1.02798
1.02638
1.02469
1.02293
1.02108
1.01914
1.01712
1.01501
1.01281
1.01053
1.00815
1.00569
1.00313
1.00047
0.997726
0.994881
0.991939
0.988899
0.985759
0.982518
0.979175
0.975729
0.972178
0.968522
0.964759
0.960889
0.956909
0.952819
0.948617
0.944303
0.939875
0.935333
0.930674
0.925898
0.921003
0.915989
0.910854
0.905597
0.900217
0.894712
0.889082
0.883326
0.877441
0.871428
0.865284
0.859009
0.852602
0.84606
0.839384
0.832572
0.825623
0.818535
0.811308
1.04465
1.04484
1.04497
1.04506
1.0451
1.04508
1.04501
1.04489
1.04472
1.04449
1.0442
1.04385
1.04344
1.04298
1.04245
1.04185
1.0412
1.04047
1.03968
1.03883
1.0379
1.03691
1.03584
1.0347
1.03349
1.0322
1.03084
1.02939
1.02788
1.02628
1.0246
1.02284
1.02099
1.01906
1.01705
1.01495
1.01276
1.01049
1.00812
1.00566
1.00312
1.00047
0.997735
0.994901
0.991971
0.988942
0.985815
0.982586
0.979257
0.975824
0.972287
0.968645
0.964897
0.961042
0.957077
0.953003
0.948818
0.944521
0.940111
0.935586
0.930945
0.926188
0.921312
0.916318
0.911203
0.905966
0.900607
0.895124
0.889516
0.883782
0.877921
0.871931
0.865811
0.859561
0.853178
0.846663
0.840013
0.833227
0.826305
0.819245
0.812046
1.04442
1.0446
1.04474
1.04483
1.04486
1.04485
1.04478
1.04466
1.04449
1.04426
1.04397
1.04362
1.04322
1.04275
1.04223
1.04164
1.04098
1.04026
1.03948
1.03863
1.03771
1.03672
1.03565
1.03452
1.03331
1.03203
1.03068
1.02924
1.02773
1.02614
1.02447
1.02272
1.02088
1.01897
1.01696
1.01487
1.0127
1.01043
1.00808
1.00564
1.0031
1.00047
0.997746
0.994928
0.992013
0.989
0.985888
0.982677
0.979364
0.975949
0.972431
0.968808
0.965079
0.961244
0.9573
0.953247
0.949084
0.944809
0.940421
0.93592
0.931303
0.92657
0.92172
0.916751
0.911663
0.906454
0.901122
0.895668
0.890089
0.884385
0.878554
0.872595
0.866507
0.860289
0.853939
0.847458
0.840842
0.834092
0.827205
0.820182
0.81302
1.04413
1.04431
1.04445
1.04453
1.04457
1.04456
1.04449
1.04437
1.0442
1.04397
1.04368
1.04334
1.04294
1.04248
1.04195
1.04137
1.04072
1.04
1.03922
1.03838
1.03746
1.03648
1.03542
1.0343
1.0331
1.03182
1.03048
1.02905
1.02755
1.02597
1.02431
1.02257
1.02075
1.01884
1.01685
1.01478
1.01262
1.01037
1.00803
1.0056
1.00308
1.00047
0.997761
0.994961
0.992064
0.989071
0.98598
0.982789
0.979498
0.976105
0.97261
0.969011
0.965306
0.961495
0.957577
0.953551
0.949414
0.945167
0.940808
0.936336
0.931749
0.927047
0.922229
0.917292
0.912237
0.907061
0.901765
0.896346
0.890803
0.885136
0.879343
0.873422
0.867374
0.861196
0.854888
0.848449
0.841876
0.83517
0.828328
0.82135
0.814235
1.04379
1.04397
1.0441
1.04418
1.04422
1.04421
1.04414
1.04402
1.04385
1.04362
1.04334
1.043
1.0426
1.04214
1.04162
1.04104
1.0404
1.03969
1.03891
1.03807
1.03717
1.03619
1.03514
1.03403
1.03284
1.03157
1.03024
1.02882
1.02733
1.02577
1.02412
1.02239
1.02059
1.01869
1.01672
1.01466
1.01252
1.01028
1.00796
1.00555
1.00305
1.00046
0.997779
0.995
0.992127
0.989157
0.98609
0.982925
0.979659
0.976293
0.972825
0.969254
0.965579
0.961798
0.957911
0.953916
0.949812
0.945598
0.941273
0.936836
0.932286
0.927621
0.92284
0.917942
0.912927
0.907792
0.902537
0.89716
0.891661
0.886039
0.880291
0.874417
0.868417
0.862287
0.856029
0.84964
0.843119
0.836465
0.829677
0.822754
0.815695
1.04338
1.04356
1.04369
1.04377
1.04381
1.0438
1.04373
1.04361
1.04344
1.04322
1.04294
1.0426
1.0422
1.04175
1.04124
1.04066
1.04002
1.03932
1.03855
1.03772
1.03682
1.03585
1.03482
1.03371
1.03253
1.03128
1.02996
1.02856
1.02708
1.02553
1.0239
1.02219
1.02039
1.01852
1.01657
1.01453
1.0124
1.01019
1.00789
1.0055
1.00303
1.00046
0.997799
0.995047
0.9922
0.989258
0.986219
0.983083
0.979848
0.976513
0.973077
0.969539
0.965898
0.962153
0.958301
0.954344
0.950278
0.946103
0.941819
0.937423
0.932914
0.928293
0.923556
0.918704
0.913735
0.908648
0.903441
0.898115
0.892667
0.887096
0.881402
0.875583
0.869638
0.863566
0.857365
0.851035
0.844575
0.837983
0.831258
0.8244
0.817406
1.04291
1.04309
1.04322
1.0433
1.04334
1.04332
1.04326
1.04314
1.04298
1.04275
1.04248
1.04214
1.04175
1.0413
1.04079
1.04022
1.03959
1.0389
1.03814
1.03731
1.03643
1.03547
1.03444
1.03335
1.03218
1.03094
1.02963
1.02825
1.02679
1.02525
1.02364
1.02195
1.02017
1.01832
1.01639
1.01437
1.01227
1.01008
1.00781
1.00544
1.00299
1.00045
0.997823
0.9951
0.992284
0.989373
0.986368
0.983265
0.980065
0.976766
0.973367
0.969867
0.966265
0.96256
0.95875
0.954835
0.950813
0.946684
0.942445
0.938096
0.933637
0.929065
0.924379
0.919579
0.914664
0.909631
0.904481
0.899212
0.893823
0.888312
0.882679
0.876923
0.871041
0.865035
0.858901
0.852639
0.846248
0.839727
0.833075
0.82629
0.819372
1.04238
1.04256
1.04269
1.04277
1.0428
1.04279
1.04273
1.04261
1.04245
1.04223
1.04195
1.04162
1.04124
1.04079
1.04029
1.03973
1.0391
1.03842
1.03767
1.03685
1.03598
1.03503
1.03402
1.03294
1.03179
1.03056
1.02927
1.0279
1.02646
1.02494
1.02335
1.02168
1.01993
1.0181
1.01618
1.01419
1.01212
1.00996
1.00771
1.00538
1.00296
1.00045
0.99785
0.99516
0.992379
0.989504
0.986536
0.983471
0.980311
0.977052
0.973696
0.970239
0.966681
0.963022
0.959259
0.955392
0.951419
0.947341
0.943154
0.938859
0.934454
0.929939
0.925311
0.92057
0.915715
0.910745
0.905658
0.900454
0.895131
0.889688
0.884125
0.878439
0.872631
0.866698
0.86064
0.854455
0.848143
0.841703
0.835132
0.828431
0.821598
1.04179
1.04196
1.04209
1.04217
1.04221
1.04219
1.04213
1.04202
1.04185
1.04164
1.04137
1.04104
1.04066
1.04022
1.03973
1.03917
1.03856
1.03788
1.03714
1.03634
1.03547
1.03454
1.03354
1.03248
1.03134
1.03014
1.02886
1.02751
1.02609
1.02459
1.02302
1.02137
1.01965
1.01784
1.01596
1.01399
1.01195
1.00982
1.0076
1.0053
1.00292
1.00044
0.99788
0.995228
0.992485
0.989651
0.986724
0.983702
0.980586
0.977373
0.974063
0.970654
0.967146
0.963538
0.959828
0.956015
0.952098
0.948076
0.943948
0.939713
0.93537
0.930917
0.926354
0.92168
0.916892
0.911991
0.906976
0.901844
0.896596
0.891229
0.885743
0.880137
0.874409
0.86856
0.862586
0.856488
0.850264
0.843913
0.837435
0.830827
0.824089
1.04113
1.0413
1.04143
1.04151
1.04154
1.04153
1.04147
1.04136
1.0412
1.04098
1.04072
1.0404
1.04002
1.03959
1.0391
1.03856
1.03795
1.03729
1.03656
1.03577
1.03492
1.034
1.03302
1.03197
1.03085
1.02966
1.02841
1.02708
1.02568
1.02421
1.02266
1.02104
1.01934
1.01756
1.01571
1.01377
1.01176
1.00966
1.00748
1.00522
1.00287
1.00044
0.997913
0.995303
0.992603
0.989813
0.986932
0.983958
0.98089
0.977728
0.97447
0.971115
0.967662
0.96411
0.960458
0.956705
0.95285
0.948891
0.944828
0.940659
0.936384
0.932002
0.92751
0.922909
0.918197
0.913373
0.908436
0.903385
0.898219
0.892936
0.887537
0.882019
0.876381
0.870623
0.864743
0.858741
0.852615
0.846363
0.839987
0.833483
0.826851
1.04041
1.04058
1.0407
1.04078
1.04082
1.0408
1.04074
1.04063
1.04047
1.04026
1.04
1.03969
1.03932
1.0389
1.03842
1.03788
1.03729
1.03663
1.03592
1.03514
1.0343
1.0334
1.03244
1.03141
1.03031
1.02914
1.02791
1.0266
1.02523
1.02378
1.02226
1.02067
1.019
1.01726
1.01543
1.01353
1.01155
1.00949
1.00735
1.00513
1.00282
1.00043
0.99795
0.995385
0.992733
0.989992
0.987161
0.984239
0.981226
0.978119
0.974918
0.971622
0.968229
0.96474
0.961152
0.957464
0.953677
0.949787
0.945796
0.9417
0.9375
0.933194
0.928781
0.924261
0.919631
0.914892
0.910042
0.905079
0.900004
0.894814
0.889509
0.884087
0.878549
0.872892
0.867115
0.861218
0.855199
0.849058
0.842793
0.836403
0.829887
1.03963
1.03979
1.03991
1.03999
1.04002
1.04001
1.03995
1.03984
1.03968
1.03948
1.03922
1.03891
1.03855
1.03814
1.03767
1.03714
1.03656
1.03592
1.03522
1.03446
1.03364
1.03275
1.03181
1.03079
1.02972
1.02857
1.02736
1.02609
1.02474
1.02332
1.02183
1.02027
1.01863
1.01692
1.01513
1.01327
1.01133
1.00931
1.00721
1.00503
1.00276
1.00042
0.99799
0.995475
0.992875
0.990187
0.987411
0.984547
0.981592
0.978545
0.975407
0.972175
0.968849
0.965427
0.961909
0.958294
0.95458
0.950766
0.946852
0.942837
0.938718
0.934496
0.93017
0.925737
0.921198
0.916551
0.911795
0.90693
0.901953
0.896864
0.891663
0.886347
0.880916
0.875369
0.869705
0.863923
0.858022
0.852
0.845857
0.839592
0.833203
1.03877
1.03893
1.03905
1.03912
1.03916
1.03914
1.03909
1.03898
1.03883
1.03863
1.03838
1.03807
1.03772
1.03731
1.03685
1.03634
1.03577
1.03514
1.03446
1.03371
1.03291
1.03205
1.03112
1.03013
1.02908
1.02796
1.02677
1.02552
1.0242
1.02282
1.02136
1.01983
1.01823
1.01655
1.01481
1.01298
1.01108
1.00911
1.00705
1.00492
1.0027
1.00041
0.998033
0.995573
0.993029
0.990399
0.987683
0.98488
0.981989
0.979008
0.975938
0.972776
0.969521
0.966173
0.962731
0.959194
0.95556
0.951829
0.948
0.944071
0.940041
0.935911
0.931677
0.927341
0.922899
0.918353
0.9137
0.908939
0.90407
0.899091
0.894002
0.888801
0.883487
0.87806
0.872518
0.866861
0.861087
0.855195
0.849185
0.843055
0.836804
1.03785
1.038
1.03812
1.03819
1.03822
1.03821
1.03815
1.03805
1.0379
1.03771
1.03746
1.03717
1.03682
1.03643
1.03598
1.03547
1.03492
1.0343
1.03364
1.03291
1.03213
1.03128
1.03038
1.02941
1.02838
1.02729
1.02614
1.02491
1.02363
1.02227
1.02085
1.01936
1.01779
1.01616
1.01445
1.01267
1.01082
1.00889
1.00688
1.0048
1.00264
1.0004
0.99808
0.995678
0.993195
0.990628
0.987977
0.985241
0.982418
0.979509
0.976511
0.973425
0.970248
0.96698
0.96362
0.960167
0.95662
0.952978
0.949239
0.945404
0.941471
0.937438
0.933306
0.929073
0.924738
0.920299
0.915757
0.91111
0.906357
0.901497
0.896529
0.891452
0.886265
0.880967
0.875558
0.870035
0.864399
0.858648
0.852781
0.846797
0.840695
1.03685
1.037
1.03712
1.03719
1.03722
1.03721
1.03715
1.03705
1.03691
1.03672
1.03648
1.03619
1.03585
1.03547
1.03503
1.03454
1.034
1.0334
1.03275
1.03205
1.03128
1.03046
1.02958
1.02864
1.02764
1.02657
1.02545
1.02426
1.02301
1.02169
1.0203
1.01885
1.01733
1.01573
1.01407
1.01234
1.01053
1.00866
1.0067
1.00468
1.00257
1.00039
0.99813
0.995792
0.993374
0.990874
0.988293
0.985628
0.98288
0.980047
0.977128
0.974123
0.971029
0.967847
0.964576
0.961213
0.957759
0.954213
0.950573
0.946838
0.943008
0.939082
0.935058
0.930936
0.926715
0.922393
0.91797
0.913445
0.908817
0.904085
0.899247
0.894304
0.889253
0.884095
0.878827
0.87345
0.867961
0.862361
0.856648
0.850822
0.84488
1.03579
1.03593
1.03604
1.03611
1.03614
1.03613
1.03608
1.03598
1.03584
1.03565
1.03542
1.03514
1.03482
1.03444
1.03402
1.03354
1.03302
1.03244
1.03181
1.03112
1.03038
1.02958
1.02872
1.02781
1.02684
1.02581
1.02471
1.02356
1.02234
1.02106
1.01971
1.0183
1.01682
1.01528
1.01367
1.01198
1.01023
1.00841
1.00651
1.00454
1.0025
1.00038
0.998184
0.995914
0.993565
0.991138
0.988631
0.986044
0.983375
0.980624
0.97779
0.974871
0.971867
0.968777
0.9656
0.962335
0.958981
0.955537
0.952002
0.948375
0.944656
0.940843
0.936936
0.932933
0.928834
0.924637
0.920342
0.915948
0.911453
0.906858
0.90216
0.897359
0.892455
0.887446
0.88233
0.877108
0.871779
0.866341
0.860793
0.855135
0.849365
1.03465
1.03479
1.0349
1.03496
1.03499
1.03498
1.03493
1.03484
1.0347
1.03452
1.0343
1.03403
1.03371
1.03335
1.03294
1.03248
1.03197
1.03141
1.03079
1.03013
1.02941
1.02864
1.02781
1.02693
1.02598
1.02499
1.02393
1.02281
1.02163
1.02039
1.01909
1.01772
1.01629
1.01479
1.01323
1.0116
1.0099
1.00814
1.0063
1.0044
1.00242
1.00037
0.998242
0.996044
0.99377
0.99142
0.988993
0.986488
0.983904
0.98124
0.978496
0.97567
0.972761
0.96977
0.966694
0.963532
0.960285
0.95695
0.953528
0.950017
0.946416
0.942724
0.938941
0.935065
0.931096
0.927033
0.922875
0.91862
0.914269
0.909819
0.905271
0.900623
0.895874
0.891024
0.886072
0.881016
0.875855
0.87059
0.865219
0.85974
0.854154
1.03344
1.03358
1.03368
1.03374
1.03377
1.03376
1.03371
1.03362
1.03349
1.03331
1.0331
1.03284
1.03253
1.03218
1.03179
1.03134
1.03085
1.03031
1.02972
1.02908
1.02838
1.02764
1.02684
1.02598
1.02508
1.02411
1.02309
1.02201
1.02087
1.01968
1.01842
1.0171
1.01572
1.01428
1.01277
1.0112
1.00956
1.00785
1.00608
1.00424
1.00233
1.00035
0.998304
0.996182
0.993988
0.99172
0.989377
0.98696
0.984466
0.981896
0.979248
0.97652
0.973714
0.970827
0.967858
0.964807
0.961673
0.958455
0.955153
0.951764
0.948289
0.944726
0.941076
0.937335
0.933505
0.929584
0.925571
0.921465
0.917266
0.912972
0.908582
0.904097
0.899514
0.894834
0.890054
0.885175
0.880195
0.875114
0.869931
0.864644
0.859253
1.03215
1.03228
1.03238
1.03244
1.03247
1.03246
1.03241
1.03233
1.0322
1.03203
1.03182
1.03157
1.03128
1.03094
1.03056
1.03014
1.02966
1.02914
1.02857
1.02796
1.02729
1.02657
1.02581
1.02499
1.02411
1.02318
1.0222
1.02117
1.02007
1.01892
1.01771
1.01644
1.01512
1.01373
1.01228
1.01077
1.00919
1.00755
1.00585
1.00408
1.00224
1.00034
0.998369
0.996329
0.994219
0.992038
0.989786
0.987462
0.985064
0.982592
0.980046
0.977423
0.974725
0.971948
0.969094
0.966161
0.963147
0.960053
0.956877
0.953619
0.950278
0.946852
0.943342
0.939745
0.936062
0.932292
0.928433
0.924485
0.920447
0.916319
0.912098
0.907785
0.903379
0.898878
0.894283
0.889591
0.884803
0.879917
0.874933
0.869849
0.864666
1.03079
1.03092
1.03101
1.03107
1.0311
1.03109
1.03104
1.03096
1.03084
1.03068
1.03048
1.03024
1.02996
1.02963
1.02927
1.02886
1.02841
1.02791
1.02736
1.02677
1.02614
1.02545
1.02471
1.02393
1.02309
1.0222
1.02126
1.02027
1.01922
1.01812
1.01696
1.01575
1.01448
1.01315
1.01176
1.01031
1.0088
1.00723
1.0056
1.00391
1.00215
1.00033
0.998438
0.996484
0.994464
0.992375
0.990219
0.987993
0.985696
0.983329
0.980891
0.97838
0.975795
0.973137
0.970403
0.967594
0.964708
0.961745
0.958704
0.955584
0.952384
0.949103
0.945741
0.942297
0.93877
0.93516
0.931464
0.927684
0.923817
0.919863
0.915821
0.911691
0.907471
0.903161
0.89876
0.894267
0.889682
0.885003
0.88023
0.875362
0.870398
1.02935
1.02947
1.02956
1.02962
1.02964
1.02963
1.02959
1.02951
1.02939
1.02924
1.02905
1.02882
1.02856
1.02825
1.0279
1.02751
1.02708
1.0266
1.02609
1.02552
1.02491
1.02426
1.02356
1.02281
1.02201
1.02117
1.02027
1.01932
1.01832
1.01727
1.01617
1.01501
1.0138
1.01253
1.01121
1.00983
1.00839
1.00689
1.00534
1.00372
1.00205
1.00031
0.998511
0.996649
0.994722
0.992732
0.990676
0.988554
0.986365
0.984108
0.981784
0.97939
0.976926
0.974392
0.971786
0.969108
0.966357
0.963533
0.960633
0.957659
0.954609
0.951482
0.948277
0.944994
0.941632
0.93819
0.934667
0.931063
0.927377
0.923607
0.919755
0.915817
0.911795
0.907686
0.903491
0.899208
0.894837
0.890377
0.885827
0.881186
0.876454
1.02783
1.02795
1.02803
1.02809
1.02811
1.0281
1.02806
1.02798
1.02788
1.02773
1.02755
1.02733
1.02708
1.02679
1.02646
1.02609
1.02568
1.02523
1.02474
1.0242
1.02363
1.02301
1.02234
1.02163
1.02087
1.02007
1.01922
1.01832
1.01738
1.01638
1.01533
1.01424
1.01309
1.01188
1.01063
1.00932
1.00796
1.00654
1.00506
1.00353
1.00194
1.00029
0.998588
0.996822
0.994995
0.993107
0.991158
0.989145
0.98707
0.98493
0.982725
0.980455
0.978119
0.975715
0.973244
0.970705
0.968096
0.965417
0.962668
0.959847
0.956955
0.953989
0.95095
0.947837
0.944648
0.941384
0.938043
0.934626
0.93113
0.927556
0.923902
0.920168
0.916353
0.912457
0.908479
0.904417
0.900272
0.896042
0.891727
0.887326
0.882839
1.02624
1.02635
1.02643
1.02648
1.0265
1.02649
1.02645
1.02638
1.02628
1.02614
1.02597
1.02577
1.02553
1.02525
1.02494
1.02459
1.02421
1.02378
1.02332
1.02282
1.02227
1.02169
1.02106
1.02039
1.01968
1.01892
1.01812
1.01727
1.01638
1.01544
1.01445
1.01342
1.01234
1.0112
1.01002
1.00879
1.0075
1.00616
1.00477
1.00333
1.00183
1.00028
0.998669
0.997004
0.995282
0.993503
0.991665
0.989768
0.987811
0.985794
0.983716
0.981576
0.979374
0.977108
0.974779
0.972385
0.969926
0.9674
0.964809
0.96215
0.959423
0.956628
0.953763
0.950828
0.947822
0.944745
0.941596
0.938375
0.935079
0.93171
0.928266
0.924746
0.92115
0.917477
0.913727
0.909899
0.905991
0.902004
0.897936
0.893788
0.889558
1.02456
1.02466
1.02474
1.02479
1.02481
1.0248
1.02476
1.02469
1.0246
1.02447
1.02431
1.02412
1.0239
1.02364
1.02335
1.02302
1.02266
1.02226
1.02183
1.02136
1.02085
1.0203
1.01971
1.01909
1.01842
1.01771
1.01696
1.01617
1.01533
1.01445
1.01353
1.01256
1.01155
1.01049
1.00938
1.00822
1.00702
1.00577
1.00447
1.00312
1.00171
1.00026
0.998754
0.997195
0.995584
0.993918
0.992197
0.990422
0.98859
0.986702
0.984756
0.982753
0.980692
0.978571
0.97639
0.974149
0.971847
0.969484
0.967058
0.964569
0.962016
0.959399
0.956718
0.95397
0.951157
0.948276
0.945329
0.942313
0.939228
0.936074
0.93285
0.929555
0.926189
0.922751
0.91924
0.915656
0.911999
0.908266
0.904459
0.900575
0.896615
1.0228
1.0229
1.02297
1.02301
1.02303
1.02302
1.02299
1.02293
1.02284
1.02272
1.02257
1.02239
1.02219
1.02195
1.02168
1.02137
1.02104
1.02067
1.02027
1.01983
1.01936
1.01885
1.0183
1.01772
1.0171
1.01644
1.01575
1.01501
1.01424
1.01342
1.01256
1.01166
1.01072
1.00974
1.00871
1.00764
1.00652
1.00536
1.00415
1.00289
1.00159
1.00024
0.998843
0.997396
0.9959
0.994353
0.992756
0.991107
0.989407
0.987654
0.985848
0.983988
0.982074
0.980105
0.978081
0.976
0.973863
0.971668
0.969416
0.967105
0.964735
0.962306
0.959816
0.957266
0.954653
0.951979
0.949243
0.946443
0.943579
0.940651
0.937657
0.934598
0.931473
0.928281
0.925022
0.921695
0.918299
0.914833
0.911299
0.907693
0.904017
1.02096
1.02105
1.02111
1.02115
1.02117
1.02116
1.02113
1.02108
1.02099
1.02088
1.02075
1.02059
1.02039
1.02017
1.01993
1.01965
1.01934
1.019
1.01863
1.01823
1.01779
1.01733
1.01682
1.01629
1.01572
1.01512
1.01448
1.0138
1.01309
1.01234
1.01155
1.01072
1.00985
1.00895
1.008
1.00702
1.00599
1.00492
1.00381
1.00266
1.00146
1.00022
0.998937
0.997606
0.996231
0.994809
0.993341
0.991825
0.990262
0.988651
0.98699
0.985281
0.983521
0.981711
0.97985
0.977938
0.975973
0.973956
0.971886
0.969761
0.967583
0.965349
0.963061
0.960716
0.958315
0.955857
0.953341
0.950767
0.948134
0.945443
0.942691
0.939879
0.937006
0.934072
0.931076
0.928017
0.924896
0.92171
0.918461
0.915146
0.911767
1.01904
1.01911
1.01917
1.01921
1.01923
1.01922
1.01919
1.01914
1.01906
1.01897
1.01884
1.01869
1.01852
1.01832
1.0181
1.01784
1.01756
1.01726
1.01692
1.01655
1.01616
1.01573
1.01528
1.01479
1.01428
1.01373
1.01315
1.01253
1.01188
1.0112
1.01049
1.00974
1.00895
1.00813
1.00727
1.00637
1.00544
1.00447
1.00346
1.00242
1.00133
1.0002
0.999034
0.997826
0.996577
0.995286
0.993952
0.992576
0.991157
0.989693
0.988185
0.986633
0.985035
0.983391
0.981701
0.979964
0.97818
0.976348
0.974468
0.972539
0.97056
0.968532
0.966453
0.964324
0.962143
0.959911
0.957626
0.955289
0.952898
0.950453
0.947954
0.945401
0.942792
0.940127
0.937406
0.934628
0.931793
0.9289
0.925949
0.92294
0.91987
1.01703
1.0171
1.01715
1.01718
1.0172
1.01719
1.01716
1.01712
1.01705
1.01696
1.01685
1.01672
1.01657
1.01639
1.01618
1.01596
1.01571
1.01543
1.01513
1.01481
1.01445
1.01407
1.01367
1.01323
1.01277
1.01228
1.01176
1.01121
1.01063
1.01002
1.00938
1.00871
1.008
1.00727
1.0065
1.0057
1.00487
1.004
1.0031
1.00216
1.00119
1.00018
0.999136
0.998056
0.996938
0.995784
0.994591
0.99336
0.99209
0.990782
0.989433
0.988044
0.986615
0.985145
0.983633
0.98208
0.980484
0.978846
0.977164
0.975439
0.973669
0.971855
0.969996
0.968092
0.966141
0.964145
0.962101
0.96001
0.957872
0.955686
0.953451
0.951167
0.948833
0.94645
0.944016
0.941532
0.938996
0.936409
0.933769
0.931077
0.928332
1.01493
1.01499
1.01504
1.01507
1.01508
1.01507
1.01505
1.01501
1.01495
1.01487
1.01478
1.01466
1.01453
1.01437
1.01419
1.01399
1.01377
1.01353
1.01327
1.01298
1.01267
1.01234
1.01198
1.0116
1.0112
1.01077
1.01031
1.00983
1.00932
1.00879
1.00822
1.00764
1.00702
1.00637
1.0057
1.005
1.00427
1.00351
1.00272
1.00189
1.00104
1.00016
0.999243
0.998295
0.997315
0.996303
0.995257
0.994178
0.993064
0.991917
0.990734
0.989517
0.988263
0.986974
0.985649
0.984287
0.982887
0.981451
0.979976
0.978463
0.976912
0.975321
0.973691
0.972021
0.970311
0.96856
0.966768
0.964935
0.96306
0.961143
0.959183
0.95718
0.955134
0.953044
0.95091
0.948732
0.946508
0.94424
0.941925
0.939565
0.937158
1.01275
1.0128
1.01284
1.01286
1.01287
1.01287
1.01285
1.01281
1.01276
1.0127
1.01262
1.01252
1.0124
1.01227
1.01212
1.01195
1.01176
1.01155
1.01133
1.01108
1.01082
1.01053
1.01023
1.0099
1.00956
1.00919
1.0088
1.00839
1.00796
1.0075
1.00702
1.00652
1.00599
1.00544
1.00487
1.00427
1.00364
1.00299
1.00232
1.00162
1.00089
1.00013
0.999353
0.998545
0.997708
0.996844
0.995951
0.99503
0.994079
0.993099
0.99209
0.99105
0.98998
0.98888
0.987748
0.986586
0.985391
0.984164
0.982905
0.981614
0.980289
0.978931
0.97754
0.976114
0.974654
0.973159
0.97163
0.970065
0.968464
0.966827
0.965154
0.963445
0.961698
0.959914
0.958092
0.956232
0.954334
0.952397
0.950421
0.948406
0.946351
1.01047
1.01052
1.01055
1.01057
1.01058
1.01057
1.01056
1.01053
1.01049
1.01043
1.01037
1.01028
1.01019
1.01008
1.00996
1.00982
1.00966
1.00949
1.00931
1.00911
1.00889
1.00866
1.00841
1.00814
1.00785
1.00755
1.00723
1.00689
1.00654
1.00616
1.00577
1.00536
1.00492
1.00447
1.004
1.00351
1.00299
1.00246
1.0019
1.00133
1.00073
1.00011
0.999469
0.998804
0.998117
0.997407
0.996673
0.995916
0.995135
0.99433
0.9935
0.992646
0.991767
0.990863
0.989933
0.988978
0.987996
0.986988
0.985954
0.984893
0.983804
0.982688
0.981545
0.980373
0.979174
0.977946
0.976689
0.975403
0.974088
0.972743
0.971368
0.969963
0.968528
0.967062
0.965565
0.964037
0.962477
0.960886
0.959262
0.957606
0.955918
1.00811
1.00814
1.00817
1.00818
1.00819
1.00819
1.00818
1.00815
1.00812
1.00808
1.00803
1.00796
1.00789
1.00781
1.00771
1.0076
1.00748
1.00735
1.00721
1.00705
1.00688
1.0067
1.00651
1.0063
1.00608
1.00585
1.0056
1.00534
1.00506
1.00477
1.00447
1.00415
1.00381
1.00346
1.0031
1.00272
1.00232
1.0019
1.00148
1.00103
1.00057
1.00009
0.999589
0.999074
0.998542
0.997992
0.997424
0.996837
0.996232
0.995609
0.994967
0.994305
0.993624
0.992924
0.992204
0.991464
0.990704
0.989924
0.989123
0.988301
0.987458
0.986594
0.985708
0.984801
0.983872
0.982921
0.981948
0.980952
0.979933
0.978892
0.977827
0.976739
0.975628
0.974493
0.973334
0.97215
0.970942
0.96971
0.968453
0.96717
0.965863
1.00566
1.00568
1.0057
1.00571
1.00571
1.00571
1.0057
1.00569
1.00566
1.00564
1.0056
1.00555
1.0055
1.00544
1.00538
1.0053
1.00522
1.00513
1.00503
1.00492
1.0048
1.00468
1.00454
1.0044
1.00424
1.00408
1.00391
1.00372
1.00353
1.00333
1.00312
1.00289
1.00266
1.00242
1.00216
1.00189
1.00162
1.00133
1.00103
1.00072
1.00039
1.00006
0.999713
0.999354
0.998983
0.998599
0.998203
0.997794
0.997372
0.996937
0.996489
0.996028
0.995553
0.995065
0.994563
0.994047
0.993517
0.992972
0.992413
0.99184
0.991252
0.99065
0.990032
0.989399
0.988751
0.988088
0.987409
0.986715
0.986004
0.985278
0.984535
0.983777
0.983001
0.98221
0.981401
0.980576
0.979733
0.978874
0.977997
0.977103
0.976191
1.00311
1.00312
1.00313
1.00314
1.00314
1.00314
1.00314
1.00313
1.00312
1.0031
1.00308
1.00305
1.00303
1.00299
1.00296
1.00292
1.00287
1.00282
1.00276
1.0027
1.00264
1.00257
1.0025
1.00242
1.00233
1.00224
1.00215
1.00205
1.00194
1.00183
1.00171
1.00159
1.00146
1.00133
1.00119
1.00104
1.00089
1.00073
1.00057
1.00039
1.00022
1.00003
0.999842
0.999645
0.999441
0.99923
0.999012
0.998787
0.998555
0.998316
0.998069
0.997816
0.997555
0.997286
0.99701
0.996726
0.996434
0.996135
0.995828
0.995513
0.995189
0.994858
0.994518
0.99417
0.993814
0.993449
0.993076
0.992694
0.992303
0.991904
0.991496
0.991078
0.990652
0.990216
0.989772
0.989318
0.988855
0.988382
0.9879
0.987408
0.986906
1.00047
1.00047
1.00047
1.00048
1.00048
1.00048
1.00048
1.00047
1.00047
1.00047
1.00047
1.00046
1.00046
1.00045
1.00045
1.00044
1.00044
1.00043
1.00042
1.00041
1.0004
1.00039
1.00038
1.00037
1.00035
1.00034
1.00033
1.00031
1.00029
1.00028
1.00026
1.00024
1.00022
1.0002
1.00018
1.00016
1.00013
1.00011
1.00009
1.00006
1.00003
1
0.999976
0.999946
0.999915
0.999883
0.99985
0.999816
0.999781
0.999745
0.999707
0.999669
0.999629
0.999589
0.999547
0.999504
0.999459
0.999414
0.999367
0.99932
0.999271
0.99922
0.999169
0.999116
0.999062
0.999007
0.99895
0.998892
0.998833
0.998773
0.998711
0.998647
0.998583
0.998517
0.998449
0.998381
0.99831
0.998239
0.998166
0.998091
0.998015
0.997738
0.997729
0.997722
0.997717
0.997716
0.997716
0.99772
0.997726
0.997735
0.997746
0.997761
0.997779
0.997799
0.997823
0.99785
0.99788
0.997913
0.99795
0.99799
0.998033
0.99808
0.99813
0.998184
0.998242
0.998304
0.998369
0.998438
0.998511
0.998588
0.998669
0.998754
0.998843
0.998937
0.999034
0.999136
0.999243
0.999353
0.999469
0.999589
0.999713
0.999842
0.999976
1.00011
1.00026
1.00041
1.00056
1.00072
1.00088
1.00105
1.00122
1.0014
1.00159
1.00178
1.00197
1.00217
1.00238
1.00259
1.00281
1.00303
1.00326
1.0035
1.00374
1.00399
1.00424
1.0045
1.00476
1.00503
1.00531
1.0056
1.00589
1.00618
1.00649
1.0068
1.00711
1.00744
1.00777
1.0081
1.00845
1.0088
1.00916
1.00952
0.994909
0.994888
0.994872
0.994862
0.994858
0.99486
0.994867
0.994881
0.994901
0.994928
0.994961
0.995
0.995047
0.9951
0.99516
0.995228
0.995303
0.995385
0.995475
0.995573
0.995678
0.995792
0.995914
0.996044
0.996182
0.996329
0.996484
0.996648
0.996822
0.997004
0.997195
0.997396
0.997606
0.997826
0.998056
0.998295
0.998545
0.998804
0.999074
0.999354
0.999645
0.999946
1.00026
1.00058
1.00092
1.00126
1.00162
1.00199
1.00237
1.00276
1.00316
1.00357
1.004
1.00444
1.00489
1.00536
1.00584
1.00633
1.00683
1.00734
1.00787
1.00842
1.00897
1.00954
1.01012
1.01072
1.01133
1.01196
1.0126
1.01325
1.01392
1.0146
1.0153
1.01601
1.01674
1.01748
1.01824
1.01902
1.0198
1.02061
1.02143
0.991983
0.99195
0.991925
0.99191
0.991903
0.991906
0.991918
0.991939
0.991971
0.992013
0.992064
0.992127
0.9922
0.992284
0.992379
0.992485
0.992603
0.992733
0.992875
0.993029
0.993195
0.993374
0.993565
0.99377
0.993988
0.994219
0.994464
0.994722
0.994995
0.995282
0.995584
0.9959
0.996231
0.996577
0.996938
0.997315
0.997708
0.998117
0.998542
0.998983
0.999441
0.999915
1.00041
1.00092
1.00144
1.00199
1.00255
1.00313
1.00372
1.00434
1.00498
1.00563
1.0063
1.00699
1.00771
1.00844
1.00919
1.00996
1.01075
1.01157
1.0124
1.01325
1.01413
1.01502
1.01594
1.01688
1.01785
1.01883
1.01984
1.02087
1.02192
1.02299
1.02409
1.02522
1.02636
1.02753
1.02873
1.02994
1.03119
1.03245
1.03375
0.988959
0.988913
0.98888
0.988858
0.988849
0.988853
0.988869
0.988899
0.988942
0.989
0.989071
0.989157
0.989258
0.989373
0.989504
0.989651
0.989813
0.989992
0.990187
0.990399
0.990628
0.990874
0.991138
0.99142
0.99172
0.992038
0.992375
0.992732
0.993107
0.993503
0.993918
0.994353
0.994809
0.995286
0.995784
0.996303
0.996844
0.997407
0.997992
0.998599
0.99923
0.999883
1.00056
1.00126
1.00199
1.00273
1.00351
1.00431
1.00513
1.00598
1.00685
1.00775
1.00868
1.00963
1.01061
1.01162
1.01266
1.01372
1.01481
1.01593
1.01708
1.01825
1.01946
1.02069
1.02196
1.02325
1.02458
1.02593
1.02732
1.02874
1.03019
1.03167
1.03318
1.03473
1.0363
1.03792
1.03956
1.04124
1.04295
1.0447
1.04648
0.985836
0.985777
0.985734
0.985706
0.985695
0.985699
0.985721
0.985759
0.985815
0.985888
0.98598
0.98609
0.986219
0.986368
0.986536
0.986724
0.986932
0.987161
0.987411
0.987683
0.987977
0.988293
0.988631
0.988993
0.989377
0.989786
0.990219
0.990676
0.991158
0.991665
0.992197
0.992756
0.993341
0.993952
0.994591
0.995257
0.995951
0.996673
0.997424
0.998203
0.999012
0.99985
1.00072
1.00162
1.00255
1.00351
1.0045
1.00552
1.00658
1.00767
1.00879
1.00995
1.01114
1.01236
1.01362
1.01491
1.01624
1.0176
1.019
1.02043
1.02191
1.02341
1.02496
1.02655
1.02817
1.02983
1.03153
1.03327
1.03505
1.03687
1.03873
1.04063
1.04257
1.04455
1.04657
1.04864
1.05075
1.0529
1.0551
1.05734
1.05962
0.982612
0.982541
0.982488
0.982454
0.982439
0.982445
0.982471
0.982518
0.982586
0.982677
0.982789
0.982924
0.983083
0.983265
0.983471
0.983702
0.983958
0.984239
0.984547
0.98488
0.985241
0.985628
0.986044
0.986488
0.98696
0.987462
0.987993
0.988554
0.989145
0.989768
0.990422
0.991107
0.991825
0.992576
0.99336
0.994178
0.99503
0.995916
0.996837
0.997794
0.998787
0.999816
1.00088
1.00199
1.00313
1.00431
1.00552
1.00678
1.00808
1.00941
1.01079
1.01221
1.01367
1.01517
1.01671
1.0183
1.01993
1.0216
1.02332
1.02508
1.02689
1.02874
1.03064
1.03259
1.03458
1.03662
1.0387
1.04084
1.04302
1.04526
1.04754
1.04987
1.05225
1.05469
1.05717
1.05971
1.0623
1.06494
1.06764
1.07039
1.07319
0.979287
0.979202
0.979139
0.979098
0.979081
0.979088
0.979119
0.979175
0.979257
0.979364
0.979498
0.979659
0.979848
0.980065
0.980311
0.980586
0.98089
0.981226
0.981592
0.981989
0.982418
0.98288
0.983375
0.983904
0.984466
0.985064
0.985696
0.986365
0.98707
0.987811
0.98859
0.989407
0.990262
0.991157
0.99209
0.993064
0.994079
0.995135
0.996232
0.997372
0.998555
0.999781
1.00105
1.00237
1.00372
1.00513
1.00658
1.00808
1.00962
1.01121
1.01286
1.01454
1.01628
1.01807
1.01991
1.0218
1.02374
1.02573
1.02778
1.02988
1.03203
1.03424
1.0365
1.03882
1.04119
1.04362
1.04611
1.04865
1.05125
1.05391
1.05663
1.05941
1.06225
1.06515
1.06811
1.07113
1.07421
1.07736
1.08057
1.08385
1.08719
0.97586
0.97576
0.975687
0.975639
0.975619
0.975627
0.975664
0.975729
0.975824
0.975949
0.976105
0.976293
0.976513
0.976766
0.977052
0.977373
0.977728
0.978119
0.978545
0.979008
0.979509
0.980047
0.980624
0.98124
0.981896
0.982592
0.983329
0.984108
0.98493
0.985794
0.986702
0.987654
0.988651
0.989693
0.990782
0.991917
0.993099
0.99433
0.995609
0.996937
0.998316
0.999745
1.00122
1.00276
1.00434
1.00598
1.00767
1.00941
1.01121
1.01307
1.01498
1.01695
1.01898
1.02106
1.02321
1.02541
1.02767
1.02999
1.03238
1.03482
1.03733
1.03991
1.04254
1.04524
1.04801
1.05084
1.05373
1.0567
1.05973
1.06283
1.066
1.06924
1.07255
1.07593
1.07938
1.0829
1.08649
1.09016
1.0939
1.09772
1.10161
0.972328
0.972214
0.97213
0.972076
0.972053
0.972062
0.972103
0.972178
0.972287
0.972431
0.97261
0.972825
0.973077
0.973367
0.973696
0.974063
0.97447
0.974918
0.975407
0.975938
0.976511
0.977128
0.97779
0.978496
0.979248
0.980046
0.980891
0.981784
0.982725
0.983716
0.984756
0.985848
0.98699
0.988185
0.989433
0.990734
0.99209
0.9935
0.994967
0.996489
0.998069
0.999707
1.0014
1.00316
1.00498
1.00685
1.00879
1.01079
1.01286
1.01498
1.01717
1.01943
1.02175
1.02414
1.0266
1.02912
1.03172
1.03438
1.03711
1.03992
1.04279
1.04574
1.04876
1.05186
1.05503
1.05827
1.0616
1.06499
1.06847
1.07202
1.07565
1.07937
1.08316
1.08703
1.09099
1.09503
1.09915
1.10335
1.10764
1.11202
1.11648
0.968692
0.968563
0.968467
0.968406
0.96838
0.96839
0.968437
0.968522
0.968645
0.968808
0.969011
0.969254
0.969539
0.969867
0.970239
0.970654
0.971115
0.971622
0.972175
0.972776
0.973425
0.974123
0.974871
0.97567
0.97652
0.977423
0.97838
0.97939
0.980455
0.981576
0.982753
0.983988
0.985281
0.986633
0.988044
0.989517
0.99105
0.992646
0.994305
0.996028
0.997816
0.999669
1.00159
1.00357
1.00563
1.00775
1.00995
1.01221
1.01454
1.01695
1.01943
1.02198
1.02461
1.02732
1.0301
1.03295
1.03589
1.0389
1.04199
1.04516
1.04842
1.05175
1.05517
1.05867
1.06226
1.06593
1.06969
1.07353
1.07747
1.08149
1.0856
1.0898
1.09409
1.09847
1.10294
1.10751
1.11218
1.11693
1.12179
1.12674
1.13178
0.964949
0.964805
0.964698
0.96463
0.964601
0.964612
0.964665
0.964759
0.964897
0.965079
0.965306
0.965579
0.965898
0.966265
0.966681
0.967146
0.967662
0.968229
0.968849
0.969521
0.970248
0.971029
0.971867
0.972761
0.973714
0.974725
0.975795
0.976926
0.978119
0.979373
0.980692
0.982074
0.983521
0.985035
0.986615
0.988263
0.98998
0.991767
0.993624
0.995553
0.997555
0.999629
1.00178
1.004
1.0063
1.00868
1.01114
1.01367
1.01628
1.01898
1.02175
1.02461
1.02755
1.03058
1.03369
1.03689
1.04018
1.04355
1.04701
1.05056
1.05421
1.05794
1.06177
1.06569
1.0697
1.07381
1.07802
1.08232
1.08673
1.09123
1.09583
1.10053
1.10533
1.11024
1.11525
1.12037
1.12559
1.13091
1.13635
1.14189
1.14754
0.9611
0.960939
0.96082
0.960745
0.960712
0.960725
0.960783
0.960889
0.961042
0.961244
0.961495
0.961798
0.962153
0.96256
0.963022
0.963538
0.96411
0.96474
0.965427
0.966173
0.96698
0.967847
0.968777
0.96977
0.970826
0.971948
0.973137
0.974392
0.975715
0.977108
0.978571
0.980105
0.981711
0.983391
0.985145
0.986974
0.98888
0.990863
0.992924
0.995065
0.997286
0.999589
1.00197
1.00444
1.00699
1.00963
1.01236
1.01517
1.01807
1.02106
1.02414
1.02732
1.03058
1.03394
1.03739
1.04094
1.04459
1.04833
1.05217
1.05612
1.06016
1.0643
1.06855
1.0729
1.07736
1.08192
1.08659
1.09137
1.09625
1.10125
1.10635
1.11157
1.1169
1.12235
1.12791
1.13359
1.13938
1.14529
1.15132
1.15747
1.16374
0.957141
0.956965
0.956834
0.95675
0.956715
0.956729
0.956793
0.956909
0.957077
0.9573
0.957577
0.957911
0.958301
0.95875
0.959259
0.959828
0.960458
0.961152
0.961909
0.962731
0.96362
0.964576
0.9656
0.966694
0.967858
0.969094
0.970403
0.971786
0.973244
0.974779
0.97639
0.978081
0.97985
0.981701
0.983633
0.985649
0.987748
0.989933
0.992204
0.994563
0.99701
0.999547
1.00217
1.00489
1.00771
1.01061
1.01362
1.01671
1.01991
1.02321
1.0266
1.0301
1.03369
1.03739
1.0412
1.04511
1.04913
1.05325
1.05748
1.06183
1.06628
1.07085
1.07553
1.08032
1.08523
1.09026
1.0954
1.10066
1.10605
1.11155
1.11718
1.12293
1.1288
1.1348
1.14093
1.14718
1.15356
1.16007
1.16672
1.1735
1.18041
0.953073
0.95288
0.952737
0.952645
0.952606
0.952621
0.952692
0.952819
0.953003
0.953247
0.953551
0.953916
0.954344
0.954835
0.955392
0.956015
0.956705
0.957464
0.958294
0.959194
0.960167
0.961213
0.962335
0.963532
0.964807
0.966161
0.967594
0.969108
0.970705
0.972385
0.974149
0.976
0.977938
0.979964
0.98208
0.984287
0.986585
0.988978
0.991464
0.994047
0.996726
0.999504
1.00238
1.00536
1.00844
1.01162
1.01491
1.0183
1.0218
1.02541
1.02912
1.03295
1.03689
1.04094
1.04511
1.04939
1.05379
1.05831
1.06294
1.0677
1.07257
1.07757
1.0827
1.08795
1.09332
1.09882
1.10446
1.11022
1.11611
1.12214
1.1283
1.13459
1.14102
1.14759
1.1543
1.16115
1.16814
1.17527
1.18254
1.18996
1.19753
0.948894
0.948684
0.948528
0.948428
0.948386
0.948402
0.948479
0.948617
0.948818
0.949084
0.949414
0.949812
0.950278
0.950813
0.951419
0.952098
0.95285
0.953677
0.95458
0.95556
0.95662
0.957759
0.958981
0.960285
0.961673
0.963147
0.964708
0.966357
0.968096
0.969925
0.971847
0.973863
0.975973
0.97818
0.980484
0.982887
0.985391
0.987996
0.990704
0.993516
0.996434
0.999459
1.00259
1.00584
1.00919
1.01266
1.01624
1.01993
1.02374
1.02767
1.03172
1.03589
1.04018
1.04459
1.04913
1.05379
1.05858
1.0635
1.06854
1.07372
1.07904
1.08448
1.09006
1.09578
1.10163
1.10762
1.11376
1.12003
1.12645
1.13301
1.13972
1.14658
1.15358
1.16074
1.16804
1.1755
1.18311
1.19088
1.1988
1.20688
1.21512
0.944604
0.944375
0.944206
0.944098
0.944052
0.94407
0.944153
0.944303
0.944521
0.944809
0.945167
0.945598
0.946103
0.946684
0.947341
0.948076
0.948891
0.949787
0.950766
0.951829
0.952978
0.954213
0.955537
0.95695
0.958455
0.960053
0.961745
0.963533
0.965417
0.9674
0.969484
0.971668
0.973956
0.976348
0.978846
0.981451
0.984164
0.986988
0.989924
0.992972
0.996135
0.999414
1.00281
1.00633
1.00996
1.01372
1.0176
1.0216
1.02573
1.02999
1.03438
1.0389
1.04355
1.04833
1.05325
1.05831
1.0635
1.06883
1.0743
1.07991
1.08567
1.09157
1.09762
1.10382
1.11016
1.11666
1.12331
1.13011
1.13707
1.14418
1.15145
1.15889
1.16648
1.17423
1.18215
1.19023
1.19848
1.2069
1.21549
1.22425
1.23318
0.9402
0.939953
0.939771
0.939654
0.939604
0.939624
0.939714
0.939875
0.940111
0.940421
0.940808
0.941273
0.941818
0.942445
0.943154
0.943948
0.944828
0.945795
0.946852
0.948
0.949239
0.950573
0.952002
0.953528
0.955153
0.956877
0.958704
0.960633
0.962668
0.964809
0.967058
0.969416
0.971886
0.974468
0.977164
0.979976
0.982905
0.985954
0.989123
0.992413
0.995828
0.999367
1.00303
1.00683
1.01075
1.01481
1.019
1.02332
1.02778
1.03238
1.03711
1.04199
1.04701
1.05217
1.05748
1.06294
1.06854
1.0743
1.08021
1.08627
1.09248
1.09885
1.10538
1.11207
1.11892
1.12593
1.13311
1.14045
1.14797
1.15564
1.16349
1.17152
1.17971
1.18808
1.19663
1.20536
1.21426
1.22335
1.23262
1.24208
1.25172
0.935681
0.935416
0.93522
0.935094
0.935041
0.935062
0.935159
0.935333
0.935586
0.93592
0.936336
0.936836
0.937423
0.938096
0.938859
0.939713
0.940659
0.9417
0.942837
0.944071
0.945404
0.946838
0.948375
0.950017
0.951764
0.953619
0.955584
0.957659
0.959847
0.96215
0.964569
0.967105
0.969761
0.972538
0.975439
0.978463
0.981614
0.984893
0.988301
0.99184
0.995513
0.99932
1.00326
1.00734
1.01157
1.01593
1.02043
1.02508
1.02988
1.03482
1.03992
1.04516
1.05056
1.05612
1.06183
1.0677
1.07372
1.07991
1.08627
1.09278
1.09947
1.10632
1.11334
1.12054
1.12791
1.13545
1.14317
1.15107
1.15914
1.1674
1.17585
1.18448
1.19329
1.20229
1.21149
1.22087
1.23045
1.24023
1.2502
1.26037
1.27074
0.931048
0.930763
0.930553
0.930418
0.930361
0.930384
0.930487
0.930674
0.930945
0.931303
0.931749
0.932286
0.932914
0.933637
0.934454
0.93537
0.936384
0.9375
0.938718
0.940041
0.941471
0.943008
0.944656
0.946416
0.948289
0.950278
0.952384
0.954609
0.956955
0.959423
0.962016
0.964735
0.967583
0.97056
0.973669
0.976911
0.980289
0.983804
0.987458
0.991252
0.995189
0.999271
1.0035
1.00787
1.0124
1.01708
1.02191
1.02689
1.03203
1.03733
1.04279
1.04842
1.05421
1.06016
1.06628
1.07257
1.07904
1.08567
1.09248
1.09947
1.10664
1.11398
1.12151
1.12922
1.13712
1.14521
1.15348
1.16195
1.17061
1.17946
1.18852
1.19777
1.20722
1.21687
1.22672
1.23679
1.24705
1.25753
1.26822
1.27912
1.29024
0.926297
0.925993
0.925769
0.925625
0.925564
0.925588
0.925698
0.925898
0.926188
0.92657
0.927047
0.927621
0.928292
0.929065
0.929939
0.930917
0.932002
0.933194
0.934496
0.935911
0.937438
0.939082
0.940843
0.942724
0.944726
0.946852
0.949103
0.951481
0.953989
0.956628
0.959399
0.962306
0.965349
0.968532
0.971855
0.975321
0.978931
0.982688
0.986594
0.99065
0.994858
0.99922
1.00374
1.00842
1.01325
1.01825
1.02341
1.02874
1.03424
1.03991
1.04574
1.05175
1.05794
1.0643
1.07085
1.07757
1.08448
1.09157
1.09885
1.10632
1.11398
1.12183
1.12988
1.13813
1.14657
1.15521
1.16406
1.17311
1.18236
1.19183
1.2015
1.21139
1.22149
1.23181
1.24234
1.2531
1.26407
1.27527
1.2867
1.29835
1.31024
0.921429
0.921105
0.920865
0.920712
0.920647
0.920673
0.920791
0.921003
0.921312
0.92172
0.922229
0.92284
0.923556
0.924379
0.925311
0.926354
0.92751
0.928781
0.93017
0.931677
0.933306
0.935058
0.936936
0.938941
0.941076
0.943342
0.945741
0.948277
0.95095
0.953763
0.956718
0.959816
0.963061
0.966453
0.969996
0.973691
0.97754
0.981545
0.985708
0.990032
0.994518
0.999169
1.00399
1.00897
1.01413
1.01946
1.02496
1.03064
1.0365
1.04254
1.04876
1.05517
1.06177
1.06855
1.07553
1.0827
1.09006
1.09762
1.10538
1.11334
1.12151
1.12988
1.13846
1.14725
1.15625
1.16546
1.17489
1.18454
1.19441
1.2045
1.21481
1.22535
1.23612
1.24712
1.25835
1.26982
1.28152
1.29346
1.30564
1.31806
1.33073
0.916442
0.916097
0.915842
0.915679
0.91561
0.915637
0.915763
0.915989
0.916318
0.916751
0.917292
0.917942
0.918704
0.919579
0.92057
0.92168
0.922909
0.924261
0.925737
0.927341
0.929073
0.930936
0.932933
0.935065
0.937335
0.939745
0.942297
0.944994
0.947836
0.950828
0.95397
0.957266
0.960716
0.964324
0.968092
0.972021
0.976114
0.980373
0.984801
0.989399
0.99417
0.999116
1.00424
1.00954
1.01502
1.02069
1.02655
1.03259
1.03882
1.04524
1.05186
1.05867
1.06569
1.0729
1.08032
1.08795
1.09578
1.10382
1.11207
1.12054
1.12922
1.13813
1.14725
1.1566
1.16617
1.17597
1.186
1.19626
1.20675
1.21748
1.22845
1.23966
1.25111
1.26281
1.27475
1.28694
1.29939
1.31208
1.32504
1.33825
1.35172
0.911335
0.910969
0.910699
0.910525
0.910452
0.910481
0.910614
0.910854
0.911203
0.911663
0.912237
0.912927
0.913735
0.914664
0.915715
0.916892
0.918197
0.919631
0.921198
0.922899
0.924738
0.926715
0.928834
0.931096
0.933505
0.936062
0.93877
0.941632
0.944648
0.947822
0.951157
0.954653
0.958315
0.962143
0.966141
0.970311
0.974654
0.979174
0.983872
0.988751
0.993814
0.999062
1.0045
1.01012
1.01594
1.02196
1.02817
1.03458
1.04119
1.04801
1.05503
1.06226
1.0697
1.07736
1.08523
1.09332
1.10163
1.11016
1.11892
1.12791
1.13712
1.14657
1.15625
1.16617
1.17632
1.18672
1.19736
1.20825
1.21939
1.23077
1.24241
1.25431
1.26646
1.27887
1.29154
1.30448
1.31769
1.33116
1.3449
1.35892
1.37322
0.906106
0.905719
0.905432
0.905249
0.905171
0.905202
0.905343
0.905597
0.905966
0.906454
0.907061
0.907792
0.908648
0.909631
0.910745
0.911991
0.913373
0.914892
0.916551
0.918353
0.920299
0.922393
0.924637
0.927033
0.929584
0.932292
0.93516
0.938189
0.941384
0.944745
0.948276
0.951979
0.955857
0.959911
0.964144
0.96856
0.973159
0.977946
0.982921
0.988088
0.993449
0.999007
1.00476
1.01072
1.01688
1.02325
1.02983
1.03662
1.04362
1.05084
1.05827
1.06593
1.07381
1.08192
1.09026
1.09882
1.10762
1.11666
1.12593
1.13545
1.14521
1.15521
1.16546
1.17597
1.18672
1.19773
1.209
1.22053
1.23232
1.24438
1.25671
1.2693
1.28217
1.29531
1.30874
1.32244
1.33642
1.35069
1.36524
1.38009
1.39523
0.900755
0.900346
0.900043
0.899849
0.899767
0.899799
0.899948
0.900217
0.900607
0.901122
0.901765
0.902537
0.903441
0.904481
0.905658
0.906976
0.908436
0.910042
0.911795
0.9137
0.915757
0.91797
0.920342
0.922875
0.925571
0.928433
0.931464
0.934667
0.938043
0.941596
0.945329
0.949243
0.953341
0.957626
0.962101
0.966768
0.97163
0.976689
0.981948
0.987409
0.993076
0.99895
1.00503
1.01133
1.01785
1.02458
1.03153
1.0387
1.04611
1.05373
1.0616
1.06969
1.07802
1.08659
1.0954
1.10446
1.11376
1.12331
1.13311
1.14317
1.15348
1.16406
1.17489
1.186
1.19736
1.209
1.22091
1.2331
1.24556
1.25831
1.27134
1.28465
1.29825
1.31214
1.32633
1.34081
1.35559
1.37067
1.38606
1.40175
1.41775
0.89528
0.894848
0.894529
0.894324
0.894238
0.894272
0.894429
0.894712
0.895124
0.895668
0.896346
0.89716
0.898115
0.899212
0.900454
0.901844
0.903385
0.905079
0.90693
0.908939
0.91111
0.913445
0.915948
0.91862
0.921465
0.924485
0.927684
0.931063
0.934626
0.938375
0.942313
0.946443
0.950767
0.955289
0.96001
0.964935
0.970065
0.975403
0.980952
0.986715
0.992694
0.998892
1.00531
1.01196
1.01883
1.02593
1.03327
1.04084
1.04865
1.0567
1.06499
1.07353
1.08232
1.09137
1.10066
1.11022
1.12003
1.13011
1.14045
1.15107
1.16195
1.17311
1.18454
1.19626
1.20825
1.22053
1.2331
1.24596
1.25911
1.27256
1.28631
1.30035
1.31471
1.32936
1.34433
1.35961
1.37521
1.39112
1.40736
1.42391
1.4408
0.889681
0.889226
0.888889
0.888674
0.888582
0.888618
0.888784
0.889082
0.889516
0.890089
0.890803
0.891661
0.892667
0.893822
0.895131
0.896596
0.898219
0.900004
0.901953
0.90407
0.906357
0.908817
0.911453
0.914268
0.917266
0.920447
0.923817
0.927377
0.93113
0.935079
0.939228
0.943579
0.948134
0.952898
0.957872
0.96306
0.968464
0.974088
0.979933
0.986004
0.992303
0.998833
1.0056
1.0126
1.01984
1.02732
1.03505
1.04302
1.05125
1.05973
1.06847
1.07747
1.08673
1.09625
1.10605
1.11611
1.12645
1.13707
1.14797
1.15914
1.17061
1.18236
1.19441
1.20675
1.21939
1.23232
1.24556
1.25911
1.27297
1.28713
1.30161
1.31641
1.33153
1.34698
1.36274
1.37884
1.39527
1.41204
1.42914
1.44658
1.46437
0.883955
0.883476
0.883122
0.882896
0.8828
0.882838
0.883012
0.883326
0.883782
0.884385
0.885136
0.886039
0.887096
0.888312
0.889688
0.891229
0.892936
0.894814
0.896864
0.899091
0.901497
0.904085
0.906858
0.909819
0.912972
0.916319
0.919863
0.923607
0.927556
0.93171
0.936074
0.940651
0.945443
0.950453
0.955686
0.961143
0.966827
0.972743
0.978892
0.985278
0.991904
0.998773
1.00589
1.01325
1.02087
1.02874
1.03687
1.04526
1.05391
1.06283
1.07202
1.08149
1.09123
1.10125
1.11155
1.12214
1.13301
1.14418
1.15564
1.1674
1.17946
1.19183
1.2045
1.21748
1.23077
1.24438
1.25831
1.27256
1.28713
1.30204
1.31727
1.33284
1.34874
1.36498
1.38157
1.3985
1.41579
1.43342
1.45141
1.46976
1.48847
0.878102
0.8776
0.877228
0.87699
0.876889
0.876928
0.877111
0.877441
0.877921
0.878554
0.879342
0.880291
0.881402
0.882679
0.884125
0.885743
0.887537
0.889509
0.891663
0.894002
0.896529
0.899247
0.90216
0.905271
0.908582
0.912098
0.915821
0.919755
0.923902
0.928266
0.93285
0.937657
0.942691
0.947954
0.953451
0.959183
0.965154
0.971368
0.977827
0.984535
0.991495
0.998711
1.00618
1.01392
1.02192
1.03019
1.03873
1.04754
1.05663
1.066
1.07565
1.0856
1.09583
1.10635
1.11718
1.1283
1.13972
1.15145
1.16349
1.17585
1.18852
1.2015
1.21481
1.22845
1.24241
1.25671
1.27134
1.28631
1.30161
1.31727
1.33327
1.34962
1.36633
1.38339
1.40082
1.4186
1.43676
1.45528
1.47418
1.49345
1.5131
0.872121
0.871594
0.871204
0.870954
0.870848
0.87089
0.871082
0.871428
0.871931
0.872595
0.873422
0.874417
0.875583
0.876922
0.878439
0.880137
0.882018
0.884087
0.886347
0.888801
0.891452
0.894304
0.897359
0.900623
0.904097
0.907785
0.911691
0.915817
0.920168
0.924746
0.929555
0.934598
0.939879
0.945401
0.951167
0.95718
0.963444
0.969963
0.976739
0.983777
0.991078
0.998647
1.00649
1.0146
1.02299
1.03167
1.04063
1.04987
1.05941
1.06924
1.07937
1.0898
1.10053
1.11157
1.12293
1.13459
1.14658
1.15889
1.17152
1.18448
1.19777
1.21139
1.22535
1.23966
1.25431
1.2693
1.28465
1.30035
1.31641
1.33284
1.34962
1.36678
1.3843
1.4022
1.42048
1.43914
1.45819
1.47762
1.49744
1.51766
1.53828
0.866011
0.865458
0.865049
0.864788
0.864677
0.86472
0.864922
0.865284
0.865811
0.866507
0.867374
0.868416
0.869638
0.871041
0.872631
0.874409
0.876381
0.878549
0.880916
0.883487
0.886265
0.889253
0.892455
0.895874
0.899514
0.903379
0.907471
0.911795
0.916353
0.92115
0.926189
0.931473
0.937006
0.942792
0.948833
0.955134
0.961698
0.968528
0.975628
0.983001
0.990652
0.998583
1.0068
1.0153
1.02409
1.03318
1.04257
1.05225
1.06225
1.07255
1.08316
1.09409
1.10533
1.1169
1.1288
1.14102
1.15358
1.16648
1.17971
1.19329
1.20722
1.22149
1.23612
1.25111
1.26646
1.28217
1.29825
1.31471
1.33153
1.34874
1.36633
1.3843
1.40267
1.42142
1.44057
1.46013
1.48008
1.50044
1.52121
1.5424
1.564
0.85977
0.859191
0.858764
0.85849
0.858374
0.858419
0.85863
0.859009
0.859561
0.860289
0.861196
0.862287
0.863566
0.865035
0.866698
0.868559
0.870623
0.872892
0.875369
0.87806
0.880967
0.884094
0.887446
0.891024
0.894834
0.898878
0.903161
0.907686
0.912457
0.917477
0.922751
0.928281
0.934072
0.940127
0.94645
0.953044
0.959914
0.967062
0.974493
0.98221
0.990216
0.998517
1.00711
1.01601
1.02522
1.03473
1.04455
1.05469
1.06515
1.07593
1.08703
1.09847
1.11024
1.12235
1.1348
1.14759
1.16074
1.17423
1.18808
1.20229
1.21687
1.23181
1.24712
1.26281
1.27887
1.29531
1.31214
1.32936
1.34698
1.36498
1.38339
1.4022
1.42142
1.44105
1.4611
1.48156
1.50244
1.52375
1.54549
1.56766
1.59027
0.853397
0.852792
0.852345
0.852059
0.851937
0.851985
0.852205
0.852602
0.853178
0.853939
0.854888
0.856029
0.857365
0.858901
0.86064
0.862586
0.864743
0.867115
0.869705
0.872518
0.875558
0.878827
0.88233
0.886071
0.890054
0.894283
0.89876
0.903491
0.908479
0.913727
0.91924
0.925022
0.931076
0.937406
0.944016
0.95091
0.958092
0.965565
0.973333
0.981401
0.989772
0.998449
1.00744
1.01674
1.02636
1.0363
1.04657
1.05717
1.06811
1.07938
1.09099
1.10294
1.11525
1.12791
1.14092
1.1543
1.16804
1.18215
1.19663
1.21149
1.22672
1.24234
1.25835
1.27475
1.29154
1.30874
1.32633
1.34433
1.36274
1.38157
1.40082
1.42048
1.44057
1.4611
1.48205
1.50344
1.52528
1.54755
1.57028
1.59346
1.6171
0.846891
0.846259
0.845792
0.845493
0.845367
0.845416
0.845646
0.84606
0.846663
0.847457
0.848448
0.84964
0.851035
0.852639
0.854455
0.856488
0.858741
0.861218
0.863923
0.866861
0.870035
0.87345
0.877108
0.881016
0.885175
0.889591
0.894267
0.899208
0.904417
0.909898
0.915656
0.921695
0.928017
0.934628
0.941532
0.948732
0.956232
0.964037
0.97215
0.980576
0.989318
0.998381
1.00777
1.01748
1.02753
1.03792
1.04864
1.05971
1.07113
1.0829
1.09503
1.10751
1.12037
1.13359
1.14718
1.16115
1.1755
1.19023
1.20536
1.22087
1.23679
1.2531
1.26982
1.28694
1.30448
1.32244
1.34081
1.35961
1.37884
1.3985
1.4186
1.43914
1.46013
1.48156
1.50344
1.52578
1.54859
1.57185
1.59559
1.6198
1.64448
0.840251
0.839592
0.839104
0.838793
0.838661
0.838712
0.838952
0.839384
0.840013
0.840842
0.841876
0.843119
0.844575
0.846248
0.848143
0.850264
0.852614
0.855199
0.858022
0.861087
0.864399
0.867961
0.871779
0.875855
0.880195
0.884803
0.889682
0.894837
0.900272
0.905991
0.911998
0.918299
0.924895
0.931793
0.938996
0.946508
0.954334
0.962477
0.970942
0.979733
0.988855
0.99831
1.0081
1.01824
1.02873
1.03956
1.05075
1.0623
1.07421
1.08649
1.09915
1.11218
1.12559
1.13938
1.15356
1.16814
1.18311
1.19848
1.21426
1.23045
1.24705
1.26407
1.28152
1.29939
1.31769
1.33642
1.35559
1.37521
1.39527
1.41579
1.43676
1.45819
1.48008
1.50244
1.52528
1.54859
1.57238
1.59665
1.62142
1.64668
1.67243
0.833475
0.832789
0.83228
0.831955
0.831818
0.831872
0.832122
0.832572
0.833227
0.834092
0.835169
0.836465
0.837983
0.839727
0.841703
0.843913
0.846363
0.849058
0.852
0.855195
0.858648
0.862361
0.866341
0.87059
0.875114
0.879917
0.885003
0.890377
0.896042
0.902004
0.908266
0.914833
0.92171
0.9289
0.936409
0.94424
0.952397
0.960886
0.96971
0.978874
0.988382
0.998239
1.00845
1.01901
1.02994
1.04124
1.0529
1.06494
1.07736
1.09016
1.10335
1.11693
1.13091
1.14529
1.16007
1.17527
1.19088
1.2069
1.22335
1.24023
1.25753
1.27527
1.29346
1.31208
1.33116
1.35069
1.37067
1.39112
1.41204
1.43342
1.45528
1.47762
1.50044
1.52375
1.54755
1.57185
1.59665
1.62196
1.64778
1.67411
1.70095
0.826563
0.825848
0.825319
0.82498
0.824837
0.824893
0.825154
0.825623
0.826305
0.827205
0.828328
0.829677
0.831258
0.833075
0.835132
0.837435
0.839986
0.842792
0.845857
0.849185
0.85278
0.856648
0.860793
0.865219
0.869931
0.874933
0.88023
0.885826
0.891727
0.897936
0.904459
0.911298
0.918461
0.925949
0.933769
0.941925
0.950421
0.959262
0.968453
0.977997
0.9879
0.998166
1.0088
1.0198
1.03119
1.04295
1.0551
1.06764
1.08057
1.0939
1.10764
1.12179
1.13635
1.15132
1.16672
1.18254
1.1988
1.21549
1.23262
1.2502
1.26822
1.2867
1.30564
1.32504
1.3449
1.36524
1.38606
1.40736
1.42914
1.45141
1.47418
1.49744
1.52121
1.54549
1.57028
1.59559
1.62142
1.64778
1.67466
1.70208
1.73005
0.819514
0.81877
0.818219
0.817867
0.817717
0.817776
0.818047
0.818535
0.819245
0.820182
0.82135
0.822754
0.824399
0.82629
0.828431
0.830827
0.833483
0.836403
0.839592
0.843055
0.846797
0.850822
0.855135
0.85974
0.864644
0.869849
0.875362
0.881186
0.887326
0.893788
0.900575
0.907693
0.915146
0.922939
0.931077
0.939565
0.948406
0.957606
0.96717
0.977103
0.987408
0.998091
1.00916
1.02061
1.03245
1.0447
1.05734
1.07039
1.08385
1.09772
1.11202
1.12674
1.14189
1.15747
1.1735
1.18996
1.20688
1.22425
1.24208
1.26037
1.27912
1.29835
1.31806
1.33825
1.35892
1.38009
1.40175
1.42391
1.44658
1.46976
1.49345
1.51766
1.5424
1.56766
1.59346
1.6198
1.64668
1.67411
1.70208
1.73062
1.75972
0.812325
0.811552
0.810979
0.810613
0.810457
0.810518
0.8108
0.811308
0.812046
0.81302
0.814235
0.815695
0.817406
0.819372
0.821598
0.824089
0.826851
0.829887
0.833203
0.836804
0.840695
0.84488
0.849365
0.854154
0.859253
0.864666
0.870398
0.876454
0.882839
0.889558
0.896615
0.904017
0.911767
0.91987
0.928332
0.937158
0.946351
0.955918
0.965863
0.976191
0.986906
0.998015
1.00952
1.02143
1.03375
1.04648
1.05962
1.07319
1.08719
1.10161
1.11648
1.13178
1.14754
1.16374
1.18041
1.19753
1.21512
1.23318
1.25172
1.27074
1.29024
1.31024
1.33073
1.35172
1.37322
1.39523
1.41775
1.4408
1.46437
1.48847
1.5131
1.53828
1.564
1.59027
1.6171
1.64448
1.67243
1.70095
1.73005
1.75972
1.78998
